|1><1| |2><2| |3><3|       LB    UB

 1.0    0.0    0.0       0.500  0.529 
 1.0    0.0    0.1       0.500  0.529 
 1.0    0.0    0.2       0.500  0.529 
 1.0    0.0    0.3       0.500  0.529 
 1.0    0.0    0.4       0.500  0.529 
 1.0    0.0    0.5       0.500  0.528 
 1.0    0.0    0.6       0.500  0.529 
 1.0    0.0    0.7       0.500  0.529 
 1.0    0.0    0.8       0.500  0.529 
 1.0    0.0    0.9       0.500  0.530 
 1.0    0.0    1.0       0.500  0.563 
 1.0    0.1    0.0       0.526  0.529 
 1.0    0.1    0.1       0.526  0.529 
 1.0    0.1    0.2       0.526  0.529 
 1.0    0.1    0.3       0.526  0.529 
 1.0    0.1    0.4       0.526  0.529 
 1.0    0.1    0.5       0.526  0.529 
 1.0    0.1    0.6       0.526  0.529 
 1.0    0.1    0.7       0.526  0.529 
 1.0    0.1    0.8       0.526  0.529 
 1.0    0.1    0.9       0.526  0.528 
 1.0    0.1    1.0       0.542  0.563 
 1.0    0.2    0.0       0.552  0.555 
 1.0    0.2    0.1       0.552  0.555 
 1.0    0.2    0.2       0.552  0.555 
 1.0    0.2    0.3       0.552  0.555 
 1.0    0.2    0.4       0.552  0.555 
 1.0    0.2    0.5       0.552  0.555 
 1.0    0.2    0.6       0.552  0.555 
 1.0    0.2    0.7       0.552  0.555 
 1.0    0.2    0.8       0.552  0.555 
 1.0    0.2    0.9       0.565  0.567 
 1.0    0.2    1.0       0.584  0.594 
 1.0    0.3    0.0       0.581  0.585 
 1.0    0.3    0.1       0.581  0.585 
 1.0    0.3    0.2       0.581  0.584 
 1.0    0.3    0.3       0.581  0.584 
 1.0    0.3    0.4       0.581  0.584 
 1.0    0.3    0.5       0.581  0.584 
 1.0    0.3    0.6       0.581  0.584 
 1.0    0.3    0.7       0.581  0.584 
 1.0    0.3    0.8       0.589  0.590 
 1.0    0.3    0.9       0.606  0.610 
 1.0    0.3    1.0       0.626  0.633 
 1.0    0.4    0.0       0.610  0.615 
 1.0    0.4    0.1       0.610  0.615 
 1.0    0.4    0.2       0.610  0.615 
 1.0    0.4    0.3       0.610  0.615 
 1.0    0.4    0.4       0.610  0.615 
 1.0    0.4    0.5       0.610  0.615 
 1.0    0.4    0.6       0.610  0.615 
 1.0    0.4    0.7       0.614  0.615 
 1.0    0.4    0.8       0.629  0.631 
 1.0    0.4    0.9       0.648  0.653 
 1.0    0.4    1.0       0.669  0.677 
 1.0    0.5    0.0       0.640  0.649 
 1.0    0.5    0.1       0.640  0.649 
 1.0    0.5    0.2       0.640  0.649 
 1.0    0.5    0.3       0.640  0.649 
 1.0    0.5    0.4       0.640  0.649 
 1.0    0.5    0.5       0.640  0.649 
 1.0    0.5    0.6       0.640  0.649 
 1.0    0.5    0.7       0.654  0.655 
 1.0    0.5    0.8       0.671  0.673 
 1.0    0.5    0.9       0.690  0.696 
 1.0    0.5    1.0       0.711  0.719 
 1.0    0.6    0.0       0.672  0.682 
 1.0    0.6    0.1       0.672  0.682 
 1.0    0.6    0.2       0.672  0.682 
 1.0    0.6    0.3       0.672  0.683 
 1.0    0.6    0.4       0.672  0.682 
 1.0    0.6    0.5       0.672  0.682 
 1.0    0.6    0.6       0.678  0.682 
 1.0    0.6    0.7       0.694  0.696 
 1.0    0.6    0.8       0.712  0.716 
 1.0    0.6    0.9       0.732  0.739 
 1.0    0.6    1.0       0.753  0.762 
 1.0    0.7    0.0       0.705  0.716 
 1.0    0.7    0.1       0.705  0.715 
 1.0    0.7    0.2       0.705  0.715 
 1.0    0.7    0.3       0.705  0.715 
 1.0    0.7    0.4       0.705  0.715 
 1.0    0.7    0.5       0.705  0.715 
 1.0    0.7    0.6       0.718  0.720 
 1.0    0.7    0.7       0.735  0.738 
 1.0    0.7    0.8       0.754  0.758 
 1.0    0.7    0.9       0.774  0.781 
 1.0    0.7    1.0       0.795  0.805 
 1.0    0.8    0.0       0.739  0.751 
 1.0    0.8    0.1       0.739  0.751 
 1.0    0.8    0.2       0.739  0.751 
 1.0    0.8    0.3       0.739  0.751 
 1.0    0.8    0.4       0.739  0.751 
 1.0    0.8    0.5       0.742  0.751 
 1.0    0.8    0.6       0.759  0.761 
 1.0    0.8    0.7       0.777  0.780 
 1.0    0.8    0.8       0.796  0.801 
 1.0    0.8    0.9       0.816  0.824 
 1.0    0.8    1.0       0.837  0.848 
 1.0    0.9    0.0       0.773  0.790 
 1.0    0.9    0.1       0.773  0.790 
 1.0    0.9    0.2       0.773  0.790 
 1.0    0.9    0.3       0.773  0.790 
 1.0    0.9    0.4       0.773  0.790 
 1.0    0.9    0.5       0.783  0.790 
 1.0    0.9    0.6       0.800  0.803 
 1.0    0.9    0.7       0.818  0.822 
 1.0    0.9    0.8       0.838  0.844 
 1.0    0.9    0.9       0.858  0.867 
 1.0    0.9    1.0       0.879  0.891 
 1.0    1.0    0.0       0.809  0.830 
 1.0    1.0    0.1       0.809  0.830 
 1.0    1.0    0.2       0.809  0.830 
 1.0    1.0    0.3       0.809  0.830 
 1.0    1.0    0.4       0.809  0.830 
 1.0    1.0    0.5       0.824  0.830 
 1.0    1.0    0.6       0.841  0.845 
 1.0    1.0    0.7       0.860  0.865 
 1.0    1.0    0.8       0.879  0.887 
 1.0    1.0    0.9       0.900  0.910 
 1.0    1.0    1.0       0.922  0.934 
 0.0    1.0    0.0       0.500  0.546 
 0.0    1.0    0.1       0.500  0.551 
 0.0    1.0    0.2       0.500  0.546 
 0.0    1.0    0.3       0.500  0.546 
 0.0    1.0    0.4       0.517  0.546 
 0.0    1.0    0.5       0.543  0.559 
 0.0    1.0    0.6       0.569  0.588 
 0.0    1.0    0.7       0.597  0.618 
 0.0    1.0    0.8       0.625  0.650 
 0.0    1.0    0.9       0.654  0.682 
 0.0    1.0    1.0       0.683  0.740 
 0.1    1.0    0.0       0.505  0.551 
 0.1    1.0    0.1       0.505  0.551 
 0.1    1.0    0.2       0.505  0.551 
 0.1    1.0    0.3       0.517  0.551 
 0.1    1.0    0.4       0.542  0.556 
 0.1    1.0    0.5       0.567  0.583 
 0.1    1.0    0.6       0.593  0.610 
 0.1    1.0    0.7       0.619  0.641 
 0.1    1.0    0.8       0.647  0.671 
 0.1    1.0    0.9       0.675  0.701 
 0.1    1.0    1.0       0.704  0.750 
 0.2    1.0    0.0       0.519  0.556 
 0.2    1.0    0.1       0.519  0.556 
 0.2    1.0    0.2       0.522  0.556 
 0.2    1.0    0.3       0.544  0.556 
 0.2    1.0    0.4       0.567  0.578 
 0.2    1.0    0.5       0.592  0.605 
 0.2    1.0    0.6       0.617  0.633 
 0.2    1.0    0.7       0.643  0.660 
 0.2    1.0    0.8       0.669  0.690 
 0.2    1.0    0.9       0.697  0.722 
 0.2    1.0    1.0       0.725  0.770 
 0.3    1.0    0.0       0.542  0.575 
 0.3    1.0    0.1       0.542  0.575 
 0.3    1.0    0.2       0.550  0.575 
 0.3    1.0    0.3       0.572  0.580 
 0.3    1.0    0.4       0.594  0.603 
 0.3    1.0    0.5       0.617  0.629 
 0.3    1.0    0.6       0.642  0.655 
 0.3    1.0    0.7       0.667  0.683 
 0.3    1.0    0.8       0.693  0.712 
 0.3    1.0    0.9       0.719  0.741 
 0.3    1.0    1.0       0.747  0.789 
 0.4    1.0    0.0       0.570  0.603 
 0.4    1.0    0.1       0.570  0.600 
 0.4    1.0    0.2       0.579  0.603 
 0.4    1.0    0.3       0.600  0.607 
 0.4    1.0    0.4       0.622  0.631 
 0.4    1.0    0.5       0.644  0.653 
 0.4    1.0    0.6       0.667  0.679 
 0.4    1.0    0.7       0.692  0.705 
 0.4    1.0    0.8       0.717  0.733 
 0.4    1.0    0.9       0.743  0.763 
 0.4    1.0    1.0       0.769  0.813 
 0.5    1.0    0.0       0.604  0.632 
 0.5    1.0    0.1       0.604  0.638 
 0.5    1.0    0.2       0.610  0.632 
 0.5    1.0    0.3       0.629  0.635 
 0.5    1.0    0.4       0.650  0.658 
 0.5    1.0    0.5       0.672  0.681 
 0.5    1.0    0.6       0.694  0.705 
 0.5    1.0    0.7       0.717  0.729 
 0.5    1.0    0.8       0.742  0.756 
 0.5    1.0    0.9       0.767  0.784 
 0.5    1.0    1.0       0.793  0.831 
 0.6    1.0    0.0       0.641  0.665 
 0.6    1.0    0.1       0.641  0.665 
 0.6    1.0    0.2       0.641  0.665 
 0.6    1.0    0.3       0.660  0.665 
 0.6    1.0    0.4       0.679  0.685 
 0.6    1.0    0.5       0.700  0.708 
 0.6    1.0    0.6       0.722  0.732 
 0.6    1.0    0.7       0.744  0.756 
 0.6    1.0    0.8       0.767  0.779 
 0.6    1.0    0.9       0.792  0.806 
 0.6    1.0    1.0       0.817  0.849 
 0.7    1.0    0.0       0.680  0.701 
 0.7    1.0    0.1       0.680  0.702 
 0.7    1.0    0.2       0.680  0.702 
 0.7    1.0    0.3       0.691  0.702 
 0.7    1.0    0.4       0.710  0.714 
 0.7    1.0    0.5       0.729  0.735 
 0.7    1.0    0.6       0.750  0.759 
 0.7    1.0    0.7       0.772  0.782 
 0.7    1.0    0.8       0.794  0.806 
 0.7    1.0    0.9       0.817  0.830 
 0.7    1.0    1.0       0.842  0.870 
 0.8    1.0    0.0       0.722  0.744 
 0.8    1.0    0.1       0.722  0.744 
 0.8    1.0    0.2       0.722  0.744 
 0.8    1.0    0.3       0.724  0.744 
 0.8    1.0    0.4       0.741  0.745 
 0.8    1.0    0.5       0.760  0.764 
 0.8    1.0    0.6       0.779  0.786 
 0.8    1.0    0.7       0.800  0.809 
 0.8    1.0    0.8       0.822  0.832 
 0.8    1.0    0.9       0.844  0.857 
 0.8    1.0    1.0       0.867  0.891 
 0.9    1.0    0.0       0.765  0.787 
 0.9    1.0    0.1       0.765  0.787 
 0.9    1.0    0.2       0.765  0.787 
 0.9    1.0    0.3       0.765  0.787 
 0.9    1.0    0.4       0.774  0.787 
 0.9    1.0    0.5       0.791  0.795 
 0.9    1.0    0.6       0.810  0.815 
 0.9    1.0    0.7       0.829  0.836 
 0.9    1.0    0.8       0.850  0.860 
 0.9    1.0    0.9       0.872  0.883 
 0.9    1.0    1.0       0.894  0.913 
 0.0    0.0    1.0       0.377  0.428 
 0.0    0.1    1.0       0.401  0.437 
 0.0    0.2    1.0       0.429  0.452 
 0.0    0.3    1.0       0.458  0.474 
 0.0    0.4    1.0       0.488  0.510 
 0.0    0.5    1.0       0.519  0.533 
 0.0    0.6    1.0       0.550  0.572 
 0.0    0.7    1.0       0.583  0.605 
 0.0    0.8    1.0       0.616  0.642 
 0.0    0.9    1.0       0.649  0.678 
 0.1    0.0    1.0       0.390  0.440 
 0.1    0.1    1.0       0.414  0.448 
 0.1    0.2    1.0       0.441  0.464 
 0.1    0.3    1.0       0.471  0.486 
 0.1    0.4    1.0       0.501  0.519 
 0.1    0.5    1.0       0.532  0.549 
 0.1    0.6    1.0       0.565  0.588 
 0.1    0.7    1.0       0.597  0.623 
 0.1    0.8    1.0       0.631  0.659 
 0.1    0.9    1.0       0.665  0.696 
 0.2    0.0    1.0       0.402  0.453 
 0.2    0.1    1.0       0.426  0.460 
 0.2    0.2    1.0       0.454  0.476 
 0.2    0.3    1.0       0.484  0.499 
 0.2    0.4    1.0       0.515  0.530 
 0.2    0.5    1.0       0.547  0.570 
 0.2    0.6    1.0       0.579  0.604 
 0.2    0.7    1.0       0.613  0.640 
 0.2    0.8    1.0       0.646  0.676 
 0.2    0.9    1.0       0.685  0.714 
 0.3    0.0    1.0       0.414  0.466 
 0.3    0.1    1.0       0.439  0.505 
 0.3    0.2    1.0       0.467  0.488 
 0.3    0.3    1.0       0.497  0.513 
 0.3    0.4    1.0       0.529  0.547 
 0.3    0.5    1.0       0.561  0.583 
 0.3    0.6    1.0       0.594  0.621 
 0.3    0.7    1.0       0.628  0.657 
 0.3    0.8    1.0       0.667  0.694 
 0.3    0.9    1.0       0.707  0.733 
 0.4    0.0    1.0       0.426  0.480 
 0.4    0.1    1.0       0.451  0.485 
 0.4    0.2    1.0       0.480  0.501 
 0.4    0.3    1.0       0.511  0.528 
 0.4    0.4    1.0       0.543  0.567 
 0.4    0.5    1.0       0.576  0.602 
 0.4    0.6    1.0       0.610  0.637 
 0.4    0.7    1.0       0.649  0.674 
 0.4    0.8    1.0       0.689  0.713 
 0.4    0.9    1.0       0.729  0.752 
 0.5    0.0    1.0       0.439  0.494 
 0.5    0.1    1.0       0.464  0.497 
 0.5    0.2    1.0       0.494  0.513 
 0.5    0.3    1.0       0.525  0.544 
 0.5    0.4    1.0       0.558  0.583 
 0.5    0.5    1.0       0.592  0.617 
 0.5    0.6    1.0       0.631  0.655 
 0.5    0.7    1.0       0.671  0.693 
 0.5    0.8    1.0       0.711  0.732 
 0.5    0.9    1.0       0.752  0.773 
 0.6    0.0    1.0       0.451  0.506 
 0.6    0.1    1.0       0.477  0.509 
 0.6    0.2    1.0       0.507  0.527 
 0.6    0.3    1.0       0.540  0.564 
 0.6    0.4    1.0       0.573  0.598 
 0.6    0.5    1.0       0.613  0.635 
 0.6    0.6    1.0       0.653  0.673 
 0.6    0.7    1.0       0.693  0.712 
 0.6    0.8    1.0       0.734  0.752 
 0.6    0.9    1.0       0.775  0.793 
 0.7    0.0    1.0       0.463  0.521 
 0.7    0.1    1.0       0.490  0.522 
 0.7    0.2    1.0       0.521  0.542 
 0.7    0.3    1.0       0.555  0.580 
 0.7    0.4    1.0       0.594  0.615 
 0.7    0.5    1.0       0.635  0.653 
 0.7    0.6    1.0       0.676  0.692 
 0.7    0.7    1.0       0.717  0.733 
 0.7    0.8    1.0       0.758  0.774 
 0.7    0.9    1.0       0.800  0.815 
 0.8    0.0    1.0       0.475  0.535 
 0.8    0.1    1.0       0.504  0.535 
 0.8    0.2    1.0       0.537  0.562 
 0.8    0.3    1.0       0.576  0.597 
 0.8    0.4    1.0       0.617  0.633 
 0.8    0.5    1.0       0.658  0.672 
 0.8    0.6    1.0       0.700  0.713 
 0.8    0.7    1.0       0.742  0.754 
 0.8    0.8    1.0       0.784  0.808 
 0.8    0.9    1.0       0.825  0.849 
 0.9    0.0    1.0       0.488  0.549 
 0.9    0.1    1.0       0.518  0.549 
 0.9    0.2    1.0       0.559  0.578 
 0.9    0.3    1.0       0.600  0.613 
 0.9    0.4    1.0       0.642  0.652 
 0.9    0.5    1.0       0.684  0.693 
 0.9    0.6    1.0       0.726  0.736 
 0.9    0.7    1.0       0.768  0.779 
 0.9    0.8    1.0       0.810  0.821 
 0.9    0.9    1.0       0.852  0.866 
